1 11.88
2 14.09
3 16.67
4 19.67
5 23.13
6 27.12
7 31.66
8 36.79
9 42.52
10 48.86
11 55.77
12 63.19
13 71.03
14 79.19
15 87.50
16 95.81
17 103.96
18 111.78
19 119.14
20 125.94
21 132.09
22 137.57
23 142.38
24 146.53
25 150.07
26 153.06
27 155.56
28 157.63
29 159.34
30 160.74
31 161.88
32 162.81
33 163.57
34 164.17
35 164.67
36 165.06
37 165.38
38 165.63
39 165.84
40 166.00
41 166.14
42 166.24
43 166.33
44 166.39
45 166.45
46 166.49
47 166.53
48 166.56
49 166.58
50 166.60
51 166.61
52 166.62
53 166.63
54 166.64
55 166.64
56 166.65
57 166.65
58 166.65
59 166.66
60 166.66
61 166.66
62 166.66
63 166.66
64 166.66
65 166.66
66 166.66
67 166.67
68 166.67
69 166.67
70 166.67
71 166.67
72 166.67
73 166.67
74 166.67
75 166.67
76 166.67
77 166.67
78 166.67
79 166.67
80 166.67
81 166.67
82 166.67
83 166.67
84 166.67
85 166.67
86 166.67
87 166.67
88 166.67
89 166.67
90 166.67
91 166.67
92 166.67
93 166.67
94 166.67
95 166.67
96 166.67
97 166.67
98 166.67
99 166.67
100 166.67
