1.00 10001.00
1.00 10001.00
1.00 10001.00
1.00 10001.00
1.00 10001.00
1.00 10001.00
1.00 10001.00
1.00 10001.00
1.00 10001.00
1.00 10001.00
1.00 10001.00
1.01 10001.00
1.01 10001.00
1.01 10001.00
1.01 10001.00
1.01 10001.00
1.01 10001.00
1.01 10001.00
1.01 10001.00
1.01 10001.00
1.01 10001.00
1.01 10001.00
1.02 10001.00
1.02 10001.00
1.02 10001.00
1.02 10001.00
1.02 10001.00
1.02 10001.00
1.02 10001.00
1.02 10001.00
1.02 10001.00
1.02 10001.00
1.02 10001.00
1.03 10001.00
1.03 10001.00
1.03 10001.00
1.03 10001.00
1.03 10001.00
1.03 10001.00
1.03 10001.00
1.03 10001.00
1.03 10001.00
1.03 10001.00
1.03 10001.00
1.04 10001.00
1.04 10001.00
1.04 10001.00
1.04 10001.00
1.04 10001.00
1.04 10001.00
1.04 10001.00
1.04 10001.00
1.04 10001.00
1.04 10001.00
1.04 10001.00
1.05 10001.00
1.05 10001.00
1.05 10001.00
1.05 10001.00
1.05 10001.00
1.05 10001.00
1.05 10001.00
1.05 10001.00
1.05 10001.00
1.05 10001.00
1.05 10001.00
1.06 10001.00
1.06 10001.00
1.06 10001.00
1.06 10001.00
1.06 10001.00
1.06 10001.00
1.06 10001.00
1.06 10001.00
1.06 10001.00
1.06 10001.00
1.06 10001.00
1.07 10001.00
1.07 10001.00
1.07 10001.00
1.07 10001.00
1.07 10001.00
1.07 10001.00
1.07 10001.00
1.07 10001.00
1.07 10001.00
1.07 10001.00
1.07 10001.00
1.08 10001.00
1.08 10001.00
1.08 10001.00
1.08 10001.00
1.08 10001.00
1.08 10001.00
1.08 10001.00
1.08 10001.00
1.08 10001.00
1.08 10001.00
1.08 10001.00
1.09 10001.00
